Time_3_26 = [40835.45833
40835.50000
40835.54167
40835.58333
40835.62500
40835.66667
40835.70833
40835.75000
40835.79167
40835.83333
40835.87500
40835.91667
40835.95833
40836.00000
40836.04167
40836.08333
40836.12500
40836.16667
40836.20833
40836.25000
40836.29167
40836.33333
40836.37500
40836.41667
40836.45833
40836.50000
40836.54167
40836.58333
40836.62500
40836.66667
40836.70833
40836.75000
40836.79167
40836.83333
40836.87500
40836.91667
40836.95833
40837.00000
40837.04167
40837.08333
40837.12500
40837.16667
40837.20833
40837.25000
40837.29167
40837.33333
40837.37500
40837.41667
40837.45833
40837.50000
40837.54167
40837.58333
40837.62500
40837.66667
40837.70833
40837.75000
40837.79167
40837.83333
40837.87500
40837.91667
40837.95833
40838.00000
40838.04167
40838.08333
40838.12500
40838.16667
40838.20833
40838.25000
40838.29167
40838.33333
40838.37500
40838.41667
40838.45833
40838.50000
40838.54167
40838.58333
40838.62500
40838.66667
40838.70833
40838.75000
40838.79167
40838.83333
40838.87500
40838.91667
40838.95833
40839.00000
40839.04167
40839.08333
40839.12500
40839.16667
40839.20833
40839.25000
40839.29167
40839.33333
40839.37500
40839.41667
40839.45833
40839.50000
40839.54167
40839.58333
40839.62500
40839.66667
40839.70833
40839.75000
40839.79167
40839.83333
40839.87500
40839.91667
40839.95833
40840.00000
40840.04167
40840.08333
40840.12500
40840.16667
40840.20833
40840.25000
40840.29167
40840.33333
40840.37500
40840.41667
40840.45833
40840.50000
40840.54167
40840.58333
40840.62500
40840.66667
40840.70833
40840.75000
40840.79167
40840.83333
40840.87500
40840.91667
40840.95833
40841.00000
40841.04167
40841.08333
40841.12500
40841.16667
40841.20833
40841.25000
40841.29167
40841.33333
40841.37500
40841.41667
40841.45833
40841.50000
40841.54167
40841.58333
40841.62500
40841.66667
40841.70833
40841.75000
40841.79167
40841.83333
40841.87500
40841.91667
40841.95833
40842.00000
40842.04167
40842.08333
40842.12500
40842.16667
40842.20833
40842.25000
40842.29167
40842.33333
40842.37500
40842.41667
40842.45833
40842.50000
40842.54167
40842.58333
40842.62500
40842.66667
40842.70833
40842.75000
40842.79167
40842.83333
40842.87500
40842.91667
40842.95833
40843.00000
40843.04167
40843.08333
40843.12500
40843.16667
40843.20833
40843.25000
40843.29167
40843.33333
40843.37500
40843.41667
40843.45833
40843.50000
40843.54167
40843.58333
40843.62500
40843.66667
40843.70833
40843.75000
40843.79167
40843.83333
40843.87500
40843.91667
40843.95833
40844.00000
40844.04167
40844.08333
40844.12500
40844.16667
40844.20833
40844.25000
40844.29167
40844.33333
40844.37500
40844.41667
40844.45833
40844.50000
40844.54167
40844.58333
40844.62500
40844.66667
40844.70833
40844.75000
40844.79167
40844.83333
40844.87500
40844.91667
40844.95833
40845.00000
40845.04167
40845.08333
40845.12500
40845.16667
40845.20833
40845.25000
40845.29167
40845.33333
40845.37500
40845.41667
40845.45833
40845.50000
40845.54167
40845.58333
40845.62500
40845.66667
40845.70833
40845.75000
40845.79167
40845.83333
40845.87500
40845.91667
40845.95833
40846.00000
40846.04167
40846.08333
40846.12500
40846.16667
40846.20833
40846.25000
40846.29167
40846.33333
40846.37500
40846.41667
40846.45833
40846.50000
40846.54167
40846.58333
40846.62500
40846.66667
40846.70833
40846.75000
40846.79167
40846.83333
40846.87500
40846.91667
40846.95833
40847.00000
40847.04167
40847.08333
40847.12500
40847.16667
40847.20833
40847.25000
40847.29167
40847.33333
40847.37500
40847.41667
40847.45833
40847.50000
40847.54167
40847.58333
40847.62500
40847.66667
40847.70833
40847.75000
40847.79167
40847.83333
40847.87500
40847.91667
40847.95833
40848.00000
40848.04167
40848.08333
40848.12500
40848.16667
40848.20833
40848.25000
40848.29167
40848.33333
40848.37500
40848.41667
40848.45833
40848.50000
40848.54167
40848.58333
40848.62500
40848.66667
40848.70833
40848.75000
40848.79167
40848.83333
40848.87500
40848.91667
40848.95833
40849.00000
40849.04167
40849.08333
40849.12500
40849.16667
40849.20833
40849.25000
40849.29167
40849.33333
40849.37500
40849.41667
40849.45833
40849.50000
40849.54167
40849.58333
40849.62500
40849.66667
40849.70833
40849.75000
40849.79167
40849.83333
40849.87500
40849.91667
40849.95833
40850.00000
40850.04167
40850.08333
40850.12500
40850.16667
40850.20833
40850.25000
40850.29167
40850.33333
40850.37500
40850.41667
40850.45833
40850.50000
40850.54167
40850.58333
40850.62500
40850.66667
40850.70833
40850.75000
40850.79167
40850.83333
40850.87500
40850.91667
40850.95833
40851.00000
40851.04167
40851.08333
40851.12500
40851.16667
40851.20833
40851.25000
40851.29167
40851.33333
40851.37500
40851.41667
40851.45833
40851.50000
40851.54167
40851.58333
40851.62500
40851.66667
40851.70833
40851.75000
40851.79167
40851.83333
40851.87500
40851.91667
40851.95833
40852.00000
40852.04167
40852.08333
40852.12500
40852.16667
40852.20833
40852.25000
40852.29167
40852.33333
40852.37500
40852.41667
40852.45833
40852.50000
40852.54167
40852.58333
40852.62500
40852.66667
40852.70833
40852.75000
40852.79167
40852.83333
40852.87500
40852.91667
40852.95833
40853.00000
40853.04167
40853.08333
40853.12500
40853.16667
40853.20833
40853.25000
40853.29167
40853.33333
40853.37500
40853.41667
40853.45833
40853.50000
40853.54167
40853.58333
40853.62500
40853.66667
40853.70833
40853.75000
40853.79167
40853.83333
40853.87500
40853.91667
40853.95833
40854.00000
40854.04167
40854.08333
40854.12500
40854.16667
40854.20833
40854.25000
40854.29167
40854.33333
40854.37500
40854.41667
40854.45833
40854.50000
40854.54167
40854.58333
40854.62500
40854.66667
40854.70833
40854.75000
40854.79167
40854.83333
40854.87500
40854.91667
40854.95833
40855.00000
40855.04167
40855.08333
40855.12500
40855.16667
40855.20833
40855.25000
40855.29167
40855.33333
40855.37500
40855.41667
40855.45833
40855.50000
40855.54167
40855.58333
40855.62500
40855.66667
40855.70833
40855.75000
40855.79167
40855.83333
40855.87500
40855.91667
40855.95833
40856.00000
40856.04167
40856.08333
40856.12500
40856.16667
40856.20833
40856.25000
40856.29167
40856.33333
40856.37500
40856.41667
40856.45833
40856.50000
40856.54167
40856.58333
40856.62500
40856.66667
40856.70833
40856.75000
40856.79167
40856.83333
40856.87500
40856.91667
40856.95833
40857.00000
40857.04167
40857.08333
40857.12500
40857.16667
40857.20833
40857.25000
40857.29167
40857.33333
40857.37500
40857.41667
40857.45833
40857.50000
40857.54167
40857.58333
40857.62500
40857.66667
40857.70833
40857.75000
40857.79167
40857.83333
40857.87500
40857.91667
40857.95833
40858.00000
40858.04167
40858.08333
40858.12500
40858.16667
40858.20833
40858.25000
40858.29167
40858.33333
40858.37500
40858.41667
40858.45833
40858.50000
40858.54167
40858.58333
40858.62500
40858.66667
40858.70833
40858.75000
40858.79167
40858.83333
40858.87500
40858.91667
40858.95833
40859.00000
40859.04167
40859.08333
40859.12500
40859.16667
40859.20833
40859.25000
40859.29167
40859.33333
40859.37500
40859.41667
40859.45833
40859.50000
40859.54167
40859.58333
40859.62500
40859.66667
40859.70833
40859.75000
40859.79167
40859.83333
40859.87500
40859.91667
40859.95833
40860.00000
40860.04167
40860.08333
40860.12500
40860.16667
40860.20833
40860.25000
40860.29167
40860.33333
40860.37500
40860.41667
40860.45833
40860.50000
40860.54167
40860.58333
40860.62500
40860.66667
40860.70833
40860.75000
40860.79167
40860.83333
40860.87500
40860.91667
40860.95833
40861.00000
